tileswide 20
tileshigh 20
tilewidth 32
tileheight 32

layer 0
0,0,0,0,0,0,0,0,0,0,0,0,0,0,0,0,0,0,0,0,
0,0,1,1,0,0,0,0,0,0,0,0,0,0,0,0,0,0,0,0,
0,0,1,1,0,0,0,0,0,0,0,0,0,0,0,0,0,0,0,0,
0,0,1,1,0,0,0,0,0,0,0,0,0,0,0,0,0,0,0,0,
0,0,1,1,0,0,0,0,0,0,0,0,0,0,0,0,0,0,0,0,
0,0,1,1,1,1,1,1,0,0,0,0,0,0,0,0,0,0,0,0,
0,0,1,1,1,1,1,1,0,0,0,0,0,0,0,0,0,0,0,0,
0,0,1,1,1,1,1,1,1,0,1,1,0,0,0,0,0,0,0,0,
0,0,1,1,0,0,0,1,1,0,1,1,1,0,0,0,0,0,0,0,
0,0,1,1,0,0,0,0,1,1,1,1,0,0,0,0,0,0,0,0,
0,0,1,1,0,0,0,0,1,1,1,0,0,0,0,0,0,0,0,0,
0,0,1,1,0,0,0,0,1,1,1,0,0,0,0,0,0,0,0,0,
0,0,0,0,0,0,0,0,0,1,1,0,0,0,0,0,0,1,0,0,
0,0,0,0,0,0,0,0,0,0,0,0,0,0,0,0,0,1,1,0,
0,0,0,0,0,0,0,0,0,0,0,0,0,0,0,0,0,1,1,0,
0,0,0,0,0,0,0,0,0,0,0,0,1,0,0,0,0,1,1,0,
0,0,0,0,0,0,0,0,0,0,0,0,1,1,0,1,1,1,1,0,
0,0,0,0,0,0,0,0,0,0,0,0,0,1,1,1,1,1,1,0,
0,0,0,0,0,0,0,0,0,0,0,0,0,1,1,1,1,0,0,0,
0,0,0,0,0,0,0,0,0,0,0,0,0,0,0,0,0,0,0,0,

